4.99199999999837	311.24995121681815	33.65142525403149	1.0
5.101999999998952	NaN	NaN	0.0
5.2260000000023865	331.6701933126255	100.63406085357822	1.0
5.319999999999709	361.6415974517508	182.62903150345687	1.0
5.413999999997031	386.4252396541636	207.29597113208254	1.0
5.538000000000466	389.48628486360604	246.29667295419767	1.0
5.631999999997788	389.1915136301531	289.53583077408337	1.0
5.741000000001804	386.07089743140267	296.1918177913666	1.0
5.849999999998545	388.2888935766544	307.48815164584545	1.0
5.959999999999127	389.53195915028675	318.21311433388325	1.0
6.068999999995867	390.2673334074396	329.4059056615397	1.0
6.177999999999884	393.0354434552504	341.9034792124367	1.0
6.286999999996624	393.88248859250234	353.32132786211	1.0
6.39600000000064	395.25608977648193	366.5178435367016	1.0
6.506000000001222	396.572967886155	378.94023795635104	1.0
6.614999999997963	396.24829817133457	391.03172151466185	1.0
6.724000000001979	396.3541032550972	403.67425478126864	1.0
6.832999999998719	396.10210151231684	415.68777881087925	1.0
6.942000000002736	395.16590255240715	427.1969738088538	1.0
7.051999999996042	393.34535577080254	438.50680629096433	1.0
7.161000000000058	393.7880023198125	449.2803875869231	1.0
7.269999999996799	394.5807789433887	460.77129386283787	1.0
7.379000000000815	394.0894692843225	472.37871290360357	1.0
7.487999999997555	393.0739768841684	483.7566506937124	1.0
7.597999999998137	391.7188582102643	495.1647811593155	1.0
7.707000000002154	390.3832138997441	506.7294272246055	1.0
7.924999999995634	391.2356965567201	520.1534421661879	1.0
8.019000000000233	390.2889875683815	532.6851650917989	1.0
8.127999999996973	388.64036045428855	545.293762506949	1.0
8.23700000000099	387.64475301410556	558.823620183939	1.0
8.34599999999773	388.485583584151	572.3512966491842	1.0
8.455999999998312	386.9644991637678	585.3278684610593	1.0
8.565000000002328	384.81968705002555	598.3105583056206	1.0
8.673999999999069	381.4480562221406	610.7412263822581	1.0
8.782999999995809	378.9774751806977	622.3399264329928	1.0
8.891999999999825	375.5690624306938	632.0905369709338	1.0
9.002000000000407	371.55489105090646	643.0692617595889	1.0
9.110999999997148	364.66952642526894	652.3493354416995	1.0
9.220000000001164	358.69962194205516	661.4041482373628	1.0
9.328999999997905	352.04451274075893	670.156498132138	1.0
9.43800000000192	344.36135295245793	676.5544625997626	1.0
9.548000000002503	334.20471995149353	684.0934765735808	1.0
9.656999999999243	324.3117228066244	693.31003161598	1.0
9.765999999995984	312.9177928727264	700.1749940670063	1.0
9.875	303.07858267928566	707.4086832548708	1.0
10.0	291.7081985557258	712.4881426053881	1.0
10.093999999997322	NaN	NaN	0.0
10.203000000001339	279.0890609188539	716.7123066271886	1.0
10.31199999999808	265.7711321938433	720.6019415855053	1.0
10.421000000002095	252.74634852886422	723.5039380996559	1.0
10.529999999998836	239.1592454920063	725.774190348378	1.0
10.639999999999418	228.29997765275922	723.0299336178599	1.0
10.748999999996158	215.1488310221011	719.5979775167114	1.0
10.841999999996915	201.9134448279863	721.575780120712	1.0
10.951999999997497	188.77412279842218	723.6402323234498	1.0
11.061000000001513	176.44049734175707	724.9471512361382	1.0
11.169999999998254	163.9277350101477	724.7606370606696	1.0
11.27900000000227	152.13111009809813	725.0313750438388	1.0
11.38799999999901	138.01539011988055	730.4000690576478	1.0
11.497999999999593	124.65920536180354	736.632604138269	1.0
11.606999999996333	113.65358573608857	738.2358386894153	1.0
11.71600000000035	102.37605934319421	741.4424072816789	1.0
11.82499999999709	89.90693703177905	744.6456869920714	1.0
11.934000000001106	77.72353456398533	748.2529798702419	1.0
12.044000000001688	64.28326549804977	749.9514602943847	1.0
12.152999999998428	51.007050042370075	752.4864636077466	1.0
12.262000000002445	38.146253423791904	754.1106504390466	1.0
12.370999999999185	23.90192370809169	755.3563176851974	1.0
12.479999999995925	10.725032595948795	758.2649480708411	1.0
12.589999999996508	-3.3090728268450813	755.2071310504577	1.0
12.699000000000524	-15.784072852342337	756.4148487400824	1.0
12.807999999997264	-27.78419884716882	760.0207668395839	1.0
12.91700000000128	-40.11951576367495	762.3851404209753	1.0
13.025999999998021	-52.720749553347446	765.0820478937118	1.0
13.135999999998603	-65.11447060950566	768.730891275408	1.0
13.24500000000262	-79.22944430949737	767.7082366538052	1.0
13.35399999999936	-91.14057716330093	775.0048738181291	1.0
13.4629999999961	-101.40822037277687	783.5947481583595	1.0
13.557000000000698	-110.6370848526442	791.3325417935599	1.0
13.665999999997439	-121.71030915045048	805.450047053182	1.0
13.775000000001455	NaN	NaN	0.0
13.883999999998196	NaN	NaN	0.0
13.993999999998778	NaN	NaN	0.0
14.102999999995518	NaN	NaN	0.0
14.211999999999534	NaN	NaN	0.0
14.320999999996275	NaN	NaN	0.0
14.430000000000291	-143.25350084223743	785.442135817206	1.0
14.540000000000873	-157.59727089615015	768.5243396068134	1.0
14.648999999997613	-169.25782381712773	751.7017757350417	1.0
14.75800000000163	-178.98202476813248	730.4848828712477	1.0
14.86699999999837	-192.4551871645158	704.4162804832949	1.0
14.976000000002387	-203.81669109561486	674.1426585729639	1.0
15.085999999995693	-211.4134494209004	635.3931532492128	1.0
15.194999999999709	-208.06628536643302	627.844804394345	1.0
15.30399999999645	-208.4809745487067	614.764924683385	1.0
15.413000000000466	-208.80457441600174	601.5066606046948	1.0
15.521999999997206	-210.0349225824406	588.0366422026308	1.0
15.631999999997788	-210.64761023862758	573.045624419604	1.0
15.741000000001804	-211.05336652322518	559.5992386990393	1.0
15.849999999998545	-213.3216753286318	546.5791341604155	1.0
15.959000000002561	-214.33582669376702	533.2693542236929	1.0
16.0679999999993	-216.30552696032493	520.9953640248415	1.0
16.161999999996624	-217.73962850465958	508.6308831227747	1.0
16.286999999996624	NaN	NaN	0.0
16.37999999999738	NaN	NaN	0.0
16.489999999997963	NaN	NaN	0.0
16.59900000000198	NaN	NaN	0.0
16.70799999999872	NaN	NaN	0.0
16.817000000002736	NaN	NaN	0.0
16.925999999999476	NaN	NaN	0.0
17.036000000000058	NaN	NaN	0.0
17.1449999999968	-214.38099342034175	479.35994445020464	1.0
17.254000000000815	-210.93270029994147	454.1107456241712	1.0
17.362999999997555	-207.9966497929126	428.68212997108014	1.0
17.47200000000157	-201.4437559493879	403.3472485732963	1.0
17.582000000002154	-192.64332743119533	378.5025136141663	1.0
17.690999999998894	-183.04336197914992	354.7517813170264	1.0
17.799999999995634	-172.00190838859967	330.93013825537935	1.0
17.90899999999965	-163.22127868313547	325.13837470362625	1.0
18.01799999999639	-152.44771592675735	315.7222002927777	1.0
18.127999999996973	-139.7994119193119	308.95063750824784	1.0
18.23700000000099	-126.91631845558618	300.3419503678518	1.0
18.34599999999773	-114.9485418647257	294.5242025101278	1.0
18.455000000001746	-103.20911399091668	288.30321843976884	1.0
18.563999999998487	-90.75655857253267	282.91283705323787	1.0
18.67399999999907	-77.76070727609995	278.23713866473724	1.0
18.766999999999825	-64.12791137312706	275.50204813675145	1.0
18.875999999996566	-50.67638726445575	271.00332066716163	1.0
18.985999999997148	-38.213338941380535	269.04183448664696	1.0
19.095000000001164	-25.675990305291446	266.03451137148494	1.0
19.203999999997905	-11.928598419534984	264.6836233497495	1.0
19.31300000000192	0.8294966387312372	262.90598493447425	1.0
19.42199999999866	13.037132167054738	259.706120259643	1.0
19.531999999999243	25.533421744132635	255.51891590071105	1.0
19.640999999995984	NaN	NaN	0.0
19.75	37.04892941417968	249.7224277343136	1.0
19.85899999999674	48.22747775963179	242.5349347856229	1.0
19.968000000000757	60.15122421007465	235.02809718564504	1.0
20.07800000000134	72.36237761933597	229.58058699406504	1.0
20.18699999999808	86.82054490324717	227.8504572127294	1.0
20.296000000002095	100.69003514638267	226.64868095354646	1.0
20.404999999998836	116.59855785636803	228.7318970424282	1.0
20.513999999995576	131.0709893970393	229.956354539371	1.0
20.62399999999616	147.711110977702	232.24270870147288	1.0
20.733000000000175	164.75107804450673	234.4661882020915	1.0
20.841999999996915	179.58907441165076	234.75142718624616	1.0
20.95100000000093	193.16753911079496	231.67114443479403	1.0
21.05999999999767	207.05046494638626	233.37079330555684	1.0
21.169999999998254	218.70539169064367	229.23029077940305	1.0
21.27900000000227	231.40237481836485	229.26601825484025	1.0
21.37199999999575	243.36519136373272	229.0376276534802	1.0
21.481999999996333	252.99638329116996	229.4712978913037	1.0
21.605999999999767	264.9983171571517	229.68200463311817	1.0
21.69999999999709	275.0962964094024	228.48879494026468	1.0
21.809000000001106	285.22452752761893	223.73833378173495	1.0
21.917999999997846	295.55548965253547	220.69102363220307	1.0
22.02799999999843	306.07670802412196	218.52206575176297	1.0
22.137000000002445	316.6952258183224	218.16246454371807	1.0
22.262000000002445	328.05017617488386	219.940056982892	1.0
22.354999999995925	336.5063132882186	220.33520970580838	1.0
22.479999999995925	346.2901239838322	223.15827960656017	1.0
22.574000000000524	355.04281848373665	228.21188883179147	1.0
22.682999999997264	362.9559856154702	233.67817689118675	1.0
22.807999999997264	371.59096429221034	239.54092191991816	1.0
22.90099999999802	377.47887122611115	245.47281657224835	1.0
23.010000000002037	382.0176224048437	250.9606081511947	1.0
23.12000000000262	385.8703032318229	257.7968974518248	1.0
23.22899999999936	387.9025759535546	267.1852480898469	1.0
23.3379999999961	388.27802489901745	276.25300357291627	1.0
23.447000000000116	386.3464329818106	286.13315878301046	1.0
23.555999999996857	382.0070829475126	295.9919594775868	1.0
23.66599999999744	377.10490744436237	305.6092477442823	1.0
23.775000000001455	371.8283515152962	314.1617185919648	1.0
23.883999999998196	366.8432484396752	322.55839983754674	1.0
23.977999999995518	360.6016888639053	330.1957352494137	1.0
24.086999999999534	354.7699530246944	338.7392006544166	1.0
24.195999999996275	348.9518613278604	346.9787803659695	1.0
24.30500000000029	342.9766457779532	355.7580964179497	1.0
24.41399999999703	335.0949416372772	363.9942814947417	1.0
24.523999999997613	326.14052937939294	372.7730687667692	1.0
24.63300000000163	316.3921576275537	381.50236832776227	1.0
24.74199999999837	306.8631900239792	390.42336581863776	1.0
24.851000000002387	297.4942265099838	397.90333517069655	1.0
24.959999999999127	287.896053926712	407.0094663540794	1.0
25.06999999999971	276.5773289074945	414.3078482917152	1.0
25.17899999999645	267.63809302589533	423.88048795406377	1.0
25.288000000000466	257.66781225094985	432.22767494482224	1.0
25.396999999997206	248.08069238323782	440.6667859749936	1.0
25.521999999997206	237.2374196704286	448.3681064061226	1.0
25.616000000001804	225.01312062793892	456.64074471723717	1.0
25.724999999998545	213.19126940231504	464.62206668495173	1.0
25.83400000000256	201.67886663412807	472.29951835154816	1.0
25.9429999999993	190.27560415545756	478.4131403988257	1.0
26.051999999996042	180.22490692612635	486.0469266333075	1.0
26.161999999996624	169.5567293478273	493.07290284577715	1.0
26.27100000000064	160.06664404291587	501.37313015350173	1.0
26.37999999999738	150.67345103898606	509.7358252844748	1.0
26.489000000001397	140.6907514738138	518.0611238085789	1.0
26.597999999998137	131.28565308613491	527.405266145163	1.0
26.692000000002736	120.70259857405912	536.5214551275155	1.0
26.800999999999476	109.77715360249378	546.5005068089079	1.0
26.909999999996217	98.74857004418331	556.9026909812937	1.0
27.0199999999968	88.51109596154414	565.8630796650358	1.0
27.129000000000815	78.05468635965717	575.435059213951	1.0
27.237999999997555	68.62054940122454	583.6351047582506	1.0
27.34700000000157	59.60350283321821	592.0850808431252	1.0
27.455999999998312	50.31143777204029	601.6423417923994	1.0
27.565999999998894	41.27306860277135	609.8060531521536	1.0
27.674999999995634	31.635478685436283	619.1304673246741	1.0
27.78399999999965	21.2068556967568	629.2043432459492	1.0
27.89299999999639	10.913797674251592	637.2868362553687	1.0
28.002000000000407	-0.15146181820484067	647.1818720246099	1.0
28.11200000000099	-12.704681511174806	655.4317248203915	1.0
28.22099999999773	-23.422625624710115	663.2211253567359	1.0
28.330000000001746	-33.65038614687355	671.4199456727171	1.0
28.438999999998487	-42.78879624776416	679.1357734849541	1.0
28.548000000002503	-51.435358799131144	687.5144398627054	1.0
28.65799999999581	-59.608433042032644	697.3479046288493	1.0
28.766999999999825	-66.85600827418995	706.0775177477568	1.0
28.891999999999825	-71.90559933695008	714.878843260752	1.0
28.985000000000582	-76.40961295832821	724.3445117908057	1.0
29.093999999997322	-80.34746504035886	732.2420987085085	1.0
29.18800000000192	-82.8612204492842	737.2396845872632	1.0
29.29699999999866	-84.667394341932	740.7752687573053	1.0
29.406000000002678	-83.55584577527641	742.70677508277	1.0
29.515999999995984	-80.70841936563261	740.8981859202477	1.0
29.625	-73.11256871523075	732.4048136912771	1.0
29.73399999999674	-69.04638127852212	727.3672417209798	1.0
29.843000000000757	-63.036752724240515	723.7206095314568	1.0
29.951999999997497	-51.73461681059926	714.5372032322172	1.0
30.06199999999808	-46.122886528172494	705.7342150401055	1.0
30.171000000002095	-40.0478772431871	697.1597034649054	1.0
30.296000000002095	-32.42532589754993	693.1659865767737	1.0
30.388999999995576	-26.343367935382133	699.9716281073345	1.0
30.497999999999593	-15.437193905246504	699.6313286940748	1.0
30.608000000000175	-5.386242045623367	698.0297305338078	1.0
30.731999999996333	1.3254521250646312	703.5846886520936	1.0
30.82600000000093	15.050058940365323	707.3502442134856	1.0
30.93499999999767	28.544955265131733	710.520214188992	1.0
31.05999999999767	41.13064324252933	710.6942339936696	1.0
31.15400000000227	53.54084389777589	707.4131483557184	1.0
31.26299999999901	66.13551234518219	705.498629419102	1.0
31.37199999999575	78.52475432784146	701.93026632779	1.0
31.480999999999767	NaN	NaN	0.0
31.589999999996508	91.90455594302571	698.7277343838871	1.0
31.69999999999709	104.98617763839913	694.2994623898339	1.0
31.809000000001106	118.84676386833188	692.0068644653311	1.0
31.917999999997846	131.52563907253202	690.4027797254722	1.0
32.02700000000186	NaN	NaN	0.0
32.120999999999185	NaN	NaN	0.0
32.229999999995925	NaN	NaN	0.0
32.33899999999994	NaN	NaN	0.0
32.44799999999668	NaN	NaN	0.0
32.557999999997264	NaN	NaN	0.0
32.66700000000128	NaN	NaN	0.0
32.77599999999802	NaN	NaN	0.0
32.88500000000204	NaN	NaN	0.0
32.99399999999878	NaN	NaN	0.0
33.10399999999936	NaN	NaN	0.0
33.2129999999961	NaN	NaN	0.0
33.322000000000116	NaN	NaN	0.0
33.43099999999686	NaN	NaN	0.0
33.54000000000087	NaN	NaN	0.0
33.650000000001455	169.09404882699158	689.8514569711213	1.0
33.758999999998196	205.2007944165317	690.526833113382	1.0
33.86800000000221	238.25362748576975	689.5825605061824	1.0
33.97699999999895	266.80995002239695	683.0458252809285	1.0
34.08599999999569	290.95655280443236	680.7575927918848	1.0
34.195999999996275	311.2378767306091	677.1708967187884	1.0
34.30500000000029	330.8955163338406	673.0044779759133	1.0
34.41399999999703	321.53668465670734	667.137821786917	1.0
34.52300000000105	312.10317294856407	659.4664284473241	1.0
34.63199999999779	303.4170262266272	654.2838077055754	1.0
34.74199999999837	294.234510369671	653.0714117055038	1.0
34.83499999999913	287.520170058516	647.8793346933666	1.0
34.94399999999587	280.8137451103309	640.8101618743939	1.0
35.05399999999645	273.36123747712423	634.9935235644834	1.0
35.163000000000466	265.31998032115416	627.4299500285639	1.0
35.271999999997206	253.3743818620897	624.3960296330523	1.0
35.38100000000122	248.1500824968303	623.5711474623315	1.0
35.48999999999796	243.69483959781346	622.8282308997431	1.0
35.599999999998545	235.56012828600433	619.6258590681493	1.0
35.70900000000256	227.65870673619438	618.2419583929532	1.0
35.8179999999993	217.98729127592327	614.79895827422	1.0
35.92699999999604	209.77908289881432	613.4974208026752	1.0
36.03600000000006	204.6367849578624	608.063907399063	1.0
36.14600000000064	NaN	NaN	0.0
36.25499999999738	190.99071886005135	597.612759215057	1.0
36.3640000000014	176.17192833838752	587.3883553133675	1.0
36.47299999999814	164.68411785014072	580.89036441833	1.0
36.582000000002154	153.11631230357722	573.4719266662278	1.0
36.692000000002736	142.03110391742987	565.9690478724069	1.0
36.815999999998894	128.68477277702624	557.1571435557399	1.0
37.01900000000023	112.82250023384857	547.3979101997428	1.0
37.12799999999697	98.92325090423242	540.2497685096336	1.0
37.237999999997555	85.56163458706484	531.9152580777038	1.0
37.33099999999831	71.24542497896286	523.2530177595179	1.0
37.44000000000233	55.43787607381987	513.674399846951	1.0
37.549999999995634	40.44956205546796	504.5691181903495	1.0
37.65899999999965	26.050849470830254	495.88483279705116	1.0
37.76799999999639	12.738228140882965	487.34773822884347	1.0
37.87700000000041	-0.8723028016781201	479.57115106754907	1.0
37.98599999999715	-13.576117306830996	473.1683800235742	1.0
38.09599999999773	-25.47500107382726	466.49845559715897	1.0
38.205000000001746	-37.50771291199997	459.77191889272825	1.0
38.31399999999849	-49.63679211186086	452.9671646941314	1.0
38.4230000000025	-60.75273203696616	446.33585778330024	1.0
38.53199999999924	-70.29318620191913	440.8931959433706	1.0
38.641999999999825	-80.50406467393823	434.458365810677	1.0
38.750999999996566	-91.06647238229955	428.2878710683599	1.0
38.86000000000058	-102.01025481420852	421.5176362486467	1.0
38.96899999999732	-111.07470418327996	415.53925204763334	1.0
39.07800000000134	-120.74512341869864	410.2925785515912	1.0
39.18800000000192	-129.73873966872972	403.16040172064953	1.0
39.29699999999866	-139.80943945549362	394.4466586599028	1.0
39.40600000000268	-148.40780698152108	387.0638275522901	1.0
39.51499999999942	NaN	NaN	0.0
39.62399999999616	-156.44018458635384	377.12340287479907	1.0
39.73399999999674	-163.41213304242245	369.21507609662603	1.0
39.84300000000076	-168.86067515624927	360.0650586766797	1.0
39.93600000000151	-173.41282154387724	349.9031499532526	1.0
40.046000000002095	-178.06257731460283	341.15561107100444	1.0
40.169999999998254	-177.44549540672216	331.36768759083543	1.0
40.263999999995576	-173.6046062700948	321.08468442250074	1.0
40.388999999995576	-167.251900182318	308.9070657191217	1.0
40.48199999999633	-155.82328053767182	294.4996991417998	1.0
40.591999999996915	NaN	NaN	0.0
40.71600000000035	-144.44729314518912	279.4911371441991	1.0
40.80999999999767	-132.21864304690564	267.1456702437204	1.0
40.91900000000169	-121.43978895843483	256.927651891581	1.0
41.02799999999843	-115.85714447493595	249.44826158526016	1.0
41.13799999999901	-113.05630266576334	241.75525021294928	1.0
41.262000000002445	-111.91973479334146	236.07831137492843	1.0
41.35599999999977	-111.40040793918162	231.10890743969162	1.0
41.48099999999977	-108.13041140266687	224.33844586829696	1.0
41.574000000000524	-107.61979544584368	210.93992173886588	1.0
41.699000000000524	-105.69971506052111	195.7150329956984	1.0
41.792999999997846	NaN	NaN	0.0
41.90200000000186	NaN	NaN	0.0
42.0109999999986	NaN	NaN	0.0
42.12000000000262	NaN	NaN	0.0
42.229999999995925	NaN	NaN	0.0
42.33899999999994	NaN	NaN	0.0
42.44799999999668	-99.41531092522978	177.01136614843648	1.0
42.57299999999668	-88.3076918197422	161.90545081266333	1.0
42.65099999999802	NaN	NaN	0.0
42.76000000000204	NaN	NaN	0.0
42.86899999999878	NaN	NaN	0.0
42.97799999999552	NaN	NaN	0.0
43.0879999999961	NaN	NaN	0.0
43.197000000000116	-81.93745881162366	146.60773173173942	1.0
43.30599999999686	-80.91131380534382	134.35015889776778	1.0
43.41500000000087	-82.21236824358213	128.75724445555957	1.0
43.52399999999761	NaN	NaN	0.0
43.633999999998196	-76.90391561254921	123.46177609418619	1.0
43.74300000000221	NaN	NaN	0.0
43.85199999999895	NaN	NaN	0.0
43.96099999999569	NaN	NaN	0.0
44.06999999999971	NaN	NaN	0.0
44.28899999999703	NaN	NaN	0.0
44.39800000000105	NaN	NaN	0.0
44.50699999999779	NaN	NaN	0.0
44.616000000001804	-69.04924377945179	114.7186787284986	1.0
44.72600000000239	NaN	NaN	0.0
44.83499999999913	NaN	NaN	0.0
44.94399999999587	-61.732898886661076	108.22451486746631	1.0
366